# relative_time, cycles_done, cur_item, corpus_count, pending_total, pending_favs, map_size, saved_crashes, saved_hangs, max_depth, execs_per_sec, total_execs, edges_found, total_crashes, servers_count
61, 0, 329, 559, 394, 72, 18.37%, 87, 0, 6, 4923.93, 230277, 1310, 3455, 0
66, 0, 537, 576, 399, 72, 18.50%, 88, 0, 6, 5124.95, 255724, 1319, 3463, 0
71, 0, 586, 604, 405, 55, 18.70%, 91, 0, 6, 5127.55, 282535, 1333, 3508, 0
76, 0, 586, 605, 406, 55, 18.74%, 91, 0, 6, 5402.57, 310949, 1336, 3508, 0
81, 0, 494, 631, 403, 48, 19.07%, 95, 0, 7, 5123.09, 337158, 1360, 3535, 0
86, 0, 635, 649, 413, 42, 19.26%, 95, 0, 7, 5036.06, 363758, 1373, 3535, 0
91, 0, 664, 675, 397, 13, 19.50%, 98, 0, 8, 5066.98, 389933, 1390, 3558, 0
96, 0, 436, 696, 382, 0, 19.72%, 101, 0, 9, 4986.34, 415634, 1406, 3578, 0
102, 0, 19, 708, 364, 0, 19.79%, 104, 0, 9, 5282.93, 442846, 1411, 3676, 0
107, 0, 140, 722, 363, 0, 19.86%, 104, 0, 9, 5107.35, 468106, 1416, 3725, 0
112, 0, 233, 737, 344, 0, 20.00%, 104, 0, 9, 5118.84, 493984, 1426, 3828, 0
117, 1, 573, 750, 307, 0, 20.08%, 104, 0, 9, 4525.09, 516437, 1432, 3844, 0
122, 1, 559, 769, 276, 0, 20.18%, 104, 0, 9, 5016.34, 541623, 1439, 3884, 0
127, 1, 787, 793, 249, 2, 20.48%, 104, 0, 10, 5213.56, 568077, 1460, 3896, 0
132, 1, 95, 812, 235, 0, 20.67%, 105, 0, 11, 5427.81, 595340, 1474, 3913, 0
137, 1, 820, 830, 233, 5, 20.77%, 105, 0, 12, 5052.98, 617097, 1481, 3929, 0
142, 1, 594, 849, 238, 1, 20.91%, 105, 0, 13, 5071.78, 641337, 1491, 3929, 0
147, 1, 458, 861, 207, 0, 21.01%, 105, 0, 13, 5120.16, 667106, 1498, 3982, 0
152, 1, 867, 880, 219, 1, 21.08%, 105, 0, 13, 5640.90, 693037, 1503, 3982, 0
157, 1, 894, 897, 221, 2, 21.14%, 106, 0, 13, 5382.01, 720284, 1507, 3983, 0
162, 1, 905, 914, 215, 4, 21.26%, 106, 0, 13, 5428.88, 747721, 1516, 3998, 0
167, 1, 88, 921, 192, 0, 21.26%, 109, 0, 13, 5104.11, 772680, 1516, 4021, 0
173, 2, 616, 933, 170, 0, 21.29%, 110, 0, 13, 5336.87, 800394, 1518, 4073, 0
178, 2, 854, 942, 166, 0, 21.35%, 111, 0, 13, 4588.88, 823357, 1522, 4111, 0
183, 2, 181, 949, 156, 0, 21.40%, 112, 0, 15, 1714.27, 842439, 1526, 4175, 0
184, 2, 893, 954, 151, 0, 21.40%, 112, 0, 15, 3287.58, 851340, 1526, 4195, 0
