# relative_time, cycles_done, cur_item, corpus_count, pending_total, pending_favs, map_size, saved_crashes, saved_hangs, max_depth, execs_per_sec, total_execs, edges_found, total_crashes, servers_count
61, 0, 853, 880, 504, 4, 20.14%, 0, 0, 11, 5436.61, 403345, 1436, 0, 0
66, 0, 862, 915, 522, 0, 20.17%, 0, 0, 11, 6244.35, 435066, 1438, 0, 0
71, 0, 674, 940, 532, 0, 20.17%, 0, 0, 12, 6204.92, 468098, 1438, 0, 0
76, 0, 571, 960, 525, 0, 20.32%, 0, 0, 12, 6286.04, 499236, 1449, 0, 0
81, 0, 98, 988, 534, 0, 20.43%, 0, 0, 14, 5828.60, 528195, 1457, 0, 0
86, 1, 1007, 1015, 526, 1, 20.66%, 0, 0, 14, 6170.95, 560669, 1473, 0, 0
91, 1, 1028, 1044, 542, 3, 20.84%, 0, 0, 15, 5449.11, 587614, 1486, 0, 0
96, 1, 1031, 1057, 554, 5, 20.87%, 0, 0, 15, 4551.61, 610970, 1488, 0, 0
101, 1, 736, 1067, 521, 0, 20.93%, 0, 0, 16, 4053.64, 633974, 1492, 0, 0
106, 1, 791, 1087, 524, 0, 20.93%, 0, 0, 16, 3946.27, 654536, 1492, 0, 0
111, 1, 821, 1097, 501, 0, 20.94%, 0, 0, 16, 4634.09, 677991, 1493, 0, 0
117, 1, 1082, 1107, 467, 0, 21.05%, 0, 0, 16, 5417.51, 707777, 1501, 0, 0
122, 1, 1077, 1113, 423, 0, 21.05%, 0, 0, 16, 5353.14, 734729, 1501, 0, 0
127, 1, 278, 1121, 382, 0, 21.18%, 0, 0, 16, 5569.61, 762468, 1510, 0, 0
132, 1, 1049, 1139, 380, 0, 21.37%, 0, 0, 18, 5791.98, 792182, 1524, 0, 0
137, 1, 897, 1153, 346, 0, 21.44%, 0, 0, 18, 5936.76, 821893, 1529, 0, 0
142, 1, 135, 1168, 323, 0, 21.60%, 1, 0, 18, 5865.49, 852210, 1540, 1, 0
147, 1, 429, 1175, 293, 0, 21.64%, 1, 0, 18, 5954.07, 882593, 1543, 1, 0
152, 1, 1185, 1199, 287, 0, 21.64%, 1, 0, 18, 5648.62, 911825, 1543, 1, 0
157, 2, 761, 1209, 256, 0, 21.70%, 1, 0, 18, 6048.29, 943954, 1547, 1, 0
163, 2, 490, 1221, 237, 0, 21.71%, 1, 0, 18, 6338.56, 977238, 1548, 1, 0
168, 2, 449, 1237, 225, 0, 21.82%, 1, 0, 19, 6466.83, 1010314, 1556, 1, 0
173, 2, 1219, 1258, 225, 0, 21.82%, 1, 0, 19, 6456.17, 1042273, 1556, 1, 0
178, 2, 790, 1265, 209, 0, 21.82%, 1, 0, 20, 7126.47, 1080100, 1556, 1, 0
183, 2, 512, 1271, 179, 0, 21.84%, 1, 0, 20, 6611.78, 1113825, 1557, 1, 0
188, 2, 1121, 1296, 177, 0, 22.05%, 1, 0, 20, 7282.96, 1152209, 1572, 1, 0
193, 2, 1272, 1310, 166, 0, 22.12%, 1, 0, 20, 7232.11, 1187993, 1577, 1, 0
198, 2, 1265, 1322, 150, 0, 22.30%, 1, 0, 20, 7458.86, 1226908, 1590, 1, 0
204, 2, 298, 1334, 142, 0, 22.40%, 1, 0, 20, 7340.71, 1263592, 1597, 1, 0
209, 3, 1215, 1350, 146, 0, 22.43%, 1, 0, 20, 6972.66, 1296106, 1599, 1, 0
214, 3, 891, 1356, 134, 0, 22.43%, 1, 0, 20, 7127.75, 1332085, 1599, 1, 0
219, 3, 653, 1367, 123, 0, 22.45%, 1, 0, 21, 7436.74, 1369522, 1601, 1, 0
224, 3, 1377, 1383, 122, 0, 22.50%, 1, 0, 21, 6986.48, 1404395, 1604, 1, 0
229, 3, 1390, 1392, 109, 0, 22.55%, 1, 0, 22, 7232.99, 1441024, 1608, 1, 0
234, 3, 1344, 1401, 109, 0, 22.55%, 1, 0, 23, 7230.22, 1479709, 1608, 1, 0
239, 3, 1349, 1409, 103, 0, 22.64%, 1, 0, 23, 7304.63, 1515793, 1614, 1, 0
244, 3, 1373, 1419, 100, 0, 22.64%, 1, 0, 23, 6981.86, 1550069, 1614, 1, 0
249, 3, 1250, 1425, 94, 0, 22.64%, 1, 0, 23, 7229.15, 1586882, 1614, 1, 0
254, 3, 489, 1434, 88, 0, 22.76%, 1, 0, 23, 7126.86, 1621968, 1623, 1, 0
259, 4, 776, 1441, 87, 0, 22.83%, 1, 0, 23, 7324.10, 1660703, 1628, 1, 0
264, 4, 1441, 1446, 81, 0, 22.83%, 1, 0, 24, 7158.33, 1698301, 1628, 1, 0
269, 4, 1393, 1454, 84, 0, 22.83%, 1, 0, 25, 7418.47, 1734983, 1628, 1, 0
275, 4, 1419, 1461, 82, 0, 22.90%, 1, 0, 25, 7220.26, 1772188, 1633, 1, 0
280, 4, 924, 1464, 74, 0, 22.95%, 2, 0, 25, 7371.78, 1810570, 1636, 3, 0
285, 4, 74, 1469, 73, 0, 22.95%, 2, 0, 25, 7329.86, 1848413, 1636, 3, 0
290, 4, 1459, 1476, 70, 0, 22.95%, 2, 0, 25, 7120.86, 1884641, 1636, 3, 0
295, 4, 1417, 1490, 76, 0, 22.96%, 2, 0, 25, 6196.98, 1917659, 1637, 3, 0
300, 4, 988, 1499, 72, 0, 23.00%, 3, 0, 25, 6910.87, 1953330, 1640, 4, 0
305, 4, 487, 1507, 72, 0, 23.13%, 3, 0, 25, 7144.25, 1990026, 1649, 5, 0
310, 5, 927, 1514, 71, 0, 23.16%, 3, 0, 25, 7455.89, 2027518, 1651, 5, 0
315, 5, 1473, 1521, 68, 0, 23.21%, 3, 0, 25, 6943.32, 2061000, 1655, 5, 0
320, 5, 512, 1524, 63, 0, 23.21%, 4, 0, 25, 7182.93, 2096760, 1655, 6, 0
325, 5, 1042, 1527, 54, 0, 23.23%, 4, 0, 25, 7185.28, 2133378, 1656, 6, 0
330, 5, 1514, 1528, 51, 0, 23.23%, 5, 0, 25, 7315.70, 2170407, 1656, 7, 0
335, 5, 466, 1530, 48, 0, 23.25%, 7, 0, 25, 7243.48, 2206546, 1658, 10, 0
340, 5, 96, 1540, 51, 0, 23.25%, 7, 0, 25, 6792.36, 2238464, 1658, 10, 0
346, 5, 1429, 1544, 47, 0, 23.30%, 7, 0, 25, 7084.66, 2275783, 1661, 10, 0
351, 5, 785, 1547, 43, 0, 23.35%, 7, 0, 25, 7385.97, 2314757, 1665, 11, 0
356, 5, 1202, 1552, 46, 0, 23.35%, 7, 0, 25, 7108.69, 2350073, 1665, 11, 0
361, 6, 1009, 1553, 42, 0, 23.35%, 7, 0, 25, 7190.62, 2386437, 1665, 12, 0
366, 6, 1204, 1555, 43, 0, 23.35%, 7, 0, 25, 7228.03, 2423398, 1665, 12, 0
371, 6, 1374, 1561, 45, 0, 23.38%, 7, 0, 25, 7296.73, 2460160, 1667, 12, 0
376, 6, 1113, 1565, 45, 0, 23.49%, 7, 0, 25, 7359.23, 2498573, 1675, 12, 0
381, 6, 1332, 1569, 38, 0, 23.56%, 7, 0, 25, 7339.61, 2535249, 1680, 12, 0
386, 6, 1518, 1569, 34, 0, 23.56%, 9, 0, 25, 7387.56, 2572940, 1680, 15, 0
391, 6, 1359, 1571, 30, 0, 23.58%, 9, 0, 25, 7356.48, 2610136, 1681, 15, 0
396, 6, 893, 1574, 32, 0, 23.59%, 10, 0, 25, 7283.69, 2646171, 1682, 16, 0
402, 6, 993, 1575, 32, 0, 23.59%, 12, 0, 25, 7398.65, 2685035, 1682, 21, 0
407, 7, 1450, 1576, 31, 0, 23.60%, 12, 0, 25, 7344.01, 2723023, 1683, 24, 0
412, 7, 1476, 1582, 32, 0, 23.60%, 13, 0, 25, 7227.36, 2760137, 1683, 30, 0
417, 7, 959, 1586, 31, 0, 23.62%, 13, 0, 25, 7257.96, 2798234, 1684, 30, 0
422, 7, 617, 1588, 32, 0, 23.63%, 13, 0, 25, 7181.61, 2834443, 1685, 33, 0
427, 7, 959, 1589, 30, 0, 23.63%, 13, 0, 25, 7284.31, 2870956, 1685, 33, 0
432, 7, 942, 1591, 30, 0, 23.63%, 13, 0, 25, 7306.66, 2909341, 1685, 33, 0
438, 7, 1428, 1592, 30, 0, 23.63%, 13, 0, 25, 7463.32, 2947999, 1685, 33, 0
443, 7, 1234, 1599, 34, 0, 23.65%, 14, 0, 25, 7218.89, 2985499, 1686, 36, 0
448, 7, 1590, 1602, 31, 0, 23.65%, 14, 0, 25, 7184.25, 3022476, 1686, 37, 0
453, 8, 1062, 1607, 31, 0, 23.65%, 14, 0, 25, 6913.02, 3057097, 1686, 37, 0
458, 8, 1375, 1610, 32, 0, 23.65%, 14, 0, 25, 6866.18, 3092891, 1686, 37, 0
463, 8, 488, 1615, 34, 0, 23.65%, 14, 0, 25, 7228.89, 3129719, 1686, 37, 0
468, 8, 1606, 1625, 37, 0, 23.65%, 15, 0, 25, 6897.13, 3162760, 1686, 39, 0
474, 8, 1223, 1627, 35, 0, 23.67%, 15, 0, 25, 7212.77, 3200603, 1688, 39, 0
479, 8, 417, 1629, 33, 0, 23.67%, 15, 0, 25, 7340.64, 3237236, 1688, 39, 0
484, 8, 810, 1630, 29, 0, 23.67%, 15, 0, 25, 6992.59, 3272363, 1688, 39, 0
489, 8, 385, 1632, 25, 0, 23.73%, 15, 0, 25, 7227.08, 3310431, 1692, 39, 0
494, 8, 52, 1634, 26, 0, 23.73%, 15, 0, 25, 7242.84, 3346865, 1692, 42, 0
499, 8, 1601, 1634, 26, 0, 23.73%, 15, 0, 25, 7378.51, 3384109, 1692, 44, 0
504, 8, 927, 1639, 27, 0, 23.77%, 15, 0, 25, 7095.20, 3419879, 1695, 44, 0
509, 9, 1421, 1641, 26, 0, 23.77%, 15, 0, 25, 7310.89, 3457265, 1695, 44, 0
514, 9, 1435, 1643, 27, 0, 23.77%, 16, 0, 25, 7023.34, 3493769, 1695, 45, 0
519, 9, 65, 1643, 26, 0, 23.77%, 16, 0, 25, 4451.44, 3526206, 1695, 45, 0
524, 9, 1421, 1643, 26, 0, 23.77%, 16, 0, 25, 6688.34, 3563508, 1695, 46, 0
530, 9, 1644, 1648, 29, 1, 23.83%, 16, 0, 25, 7357.54, 3602247, 1699, 47, 0
535, 9, 1594, 1654, 32, 0, 23.84%, 16, 0, 25, 6683.75, 3633736, 1700, 47, 0
540, 9, 1251, 1663, 34, 0, 23.86%, 16, 0, 25, 7262.72, 3671341, 1701, 47, 0
545, 9, 375, 1664, 29, 0, 23.86%, 16, 0, 25, 7028.24, 3706658, 1701, 47, 0
550, 9, 432, 1665, 29, 0, 23.87%, 16, 0, 25, 7163.23, 3744421, 1702, 47, 0
555, 9, 1039, 1665, 22, 0, 23.87%, 16, 0, 25, 7064.25, 3781694, 1702, 47, 0
561, 9, 1407, 1666, 22, 0, 23.96%, 16, 0, 25, 980.21, 3803071, 1708, 48, 0
566, 9, 1061, 1667, 22, 0, 23.96%, 16, 0, 25, 4848.48, 3829603, 1708, 48, 0
568, 9, 1521, 1667, 21, 0, 23.96%, 16, 0, 25, 5571.77, 3843700, 1708, 48, 0
